# habamax-like dircolors for truecolor terminals
# base: bg #1c1c1c / fg #bcbcbc

RESET 0
NORMAL 0
FILE 0

# ---- file classes ----
DIR 01;38;2;135;175;175
LINK 38;2;95;135;135
ORPHAN 01;38;2;175;95;95
MISSING 01;38;2;175;95;95

FIFO 38;2;175;135;175
SOCK 38;2;215;95;135
DOOR 38;2;95;135;135

BLK 38;2;95;135;175
CHR 38;2;95;135;175

EXEC 38;2;95;175;95

SETUID 38;2;218;218;218;48;2;160;63;47
SETGID 38;2;218;218;218;48;2;79;47;79

STICKY 38;2;28;28;28;48;2;215;175;135
OTHER_WRITABLE 38;2;28;28;28;48;2;95;135;135
STICKY_OTHER_WRITABLE 38;2;28;28;28;48;2;215;95;135

# ---- archives / packages ----
*.tar 38;2;215;95;135
*.tgz 38;2;215;95;135
*.gz 38;2;215;95;135
*.bz2 38;2;215;95;135
*.xz 38;2;215;95;135
*.zst 38;2;215;95;135
*.lz 38;2;215;95;135
*.lz4 38;2;215;95;135
*.zip 38;2;215;95;135
*.7z 38;2;215;95;135
*.rar 38;2;215;95;135
*.deb 38;2;215;95;135
*.rpm 38;2;215;95;135
*.pkg.tar 38;2;215;95;135
*.pkg.tar.zst 38;2;215;95;135
*.pkg.tar.xz 38;2;215;95;135

# ---- images ----
*.png 38;2;135;175;175
*.jpg 38;2;135;175;175
*.jpeg 38;2;135;175;175
*.gif 38;2;135;175;175
*.webp 38;2;135;175;175
*.svg 38;2;135;175;175
*.bmp 38;2;135;175;175
*.ico 38;2;135;175;175
*.tif 38;2;135;175;175
*.tiff 38;2;135;175;175
*.xcf 38;2;135;175;175

# ---- audio ----
*.mp3 38;2;215;175;135
*.ogg 38;2;215;175;135
*.opus 38;2;215;175;135
*.flac 38;2;215;175;135
*.wav 38;2;215;175;135
*.m4a 38;2;215;175;135
*.aac 38;2;215;175;135

# ---- video ----
*.mp4 38;2;95;135;175
*.mkv 38;2;95;135;175
*.webm 38;2;95;135;175
*.mov 38;2;95;135;175
*.avi 38;2;95;135;175
*.wmv 38;2;95;135;175
*.m4v 38;2;95;135;175

# ---- documents ----
*.pdf 38;2;215;175;135
*.epub 38;2;215;175;135
*.djvu 38;2;215;175;135
*.md 38;2;175;135;95
*.rst 38;2;175;135;95
*.org 38;2;175;135;95
*.tex 38;2;175;135;95

# ---- source / config ----
*.c 38;2;95;135;175
*.h 38;2;95;135;175
*.cc 38;2;95;135;175
*.cpp 38;2;95;135;175
*.hpp 38;2;95;135;175
*.rs 38;2;95;135;175
*.go 38;2;95;135;175
*.zig 38;2;95;135;175
*.lua 38;2;95;135;175
*.py 38;2;95;135;175
*.rb 38;2;95;135;175
*.js 38;2;95;135;175
*.mjs 38;2;95;135;175
*.cjs 38;2;95;135;175
*.ts 38;2;95;135;175
*.tsx 38;2;95;135;175
*.jsx 38;2;95;135;175
*.java 38;2;95;135;175
*.php 38;2;95;135;175
*.vim 38;2;175;135;175
*.sh 38;2;95;175;95
*.bash 38;2;95;175;95
*.zsh 38;2;95;175;95
*.fish 38;2;95;175;95

*.toml 38;2;175;135;95
*.yaml 38;2;175;135;95
*.yml 38;2;175;135;95
*.json 38;2;175;135;95
*.jsonc 38;2;175;135;95
*.ini 38;2;175;135;95
*.conf 38;2;175;135;95
*.cfg 38;2;175;135;95
*.service 38;2;175;135;95
*.socket 38;2;175;135;95
*.mount 38;2;175;135;95
*.nix 38;2;175;135;95
*.mk 38;2;175;135;95
*.cmake 38;2;175;135;95

# ---- logs / temp / editor junk ----
*.log 38;2;118;118;118
*.tmp 38;2;118;118;118
*.bak 38;2;118;118;118
*.old 38;2;118;118;118
*.swp 38;2;118;118;118
*.swo 38;2;118;118;118
*~ 38;2;118;118;118
