# iceberg-like dircolors for truecolor terminals
# base: bg #161821 / fg #84a0c6

RESET 0
NORMAL 38;2;132;160;198
FILE 38;2;198;200;209

# ---- file classes ----
DIR 01;38;2;132;160;198
LINK 38;2;137;184;194
ORPHAN 01;38;2;226;120;120
MISSING 01;38;2;226;120;120

FIFO 38;2;160;147;199
SOCK 38;2;226;120;120
DOOR 38;2;137;184;194

BLK 38;2;132;160;198
CHR 38;2;132;160;198

EXEC 38;2;180;190;130

SETUID 38;2;198;200;209;48;2;226;120;120
SETGID 38;2;198;200;209;48;2;160;147;199

STICKY 38;2;22;24;33;48;2;226;164;120
OTHER_WRITABLE 38;2;22;24;33;48;2;137;184;194
STICKY_OTHER_WRITABLE 38;2;22;24;33;48;2;226;120;120

# ---- archives / packages ----
*.tar 38;2;226;120;120
*.tgz 38;2;226;120;120
*.gz 38;2;226;120;120
*.bz2 38;2;226;120;120
*.xz 38;2;226;120;120
*.zst 38;2;226;120;120
*.lz 38;2;226;120;120
*.lz4 38;2;226;120;120
*.zip 38;2;226;120;120
*.7z 38;2;226;120;120
*.rar 38;2;226;120;120
*.deb 38;2;226;120;120
*.rpm 38;2;226;120;120
*.pkg.tar 38;2;226;120;120
*.pkg.tar.zst 38;2;226;120;120
*.pkg.tar.xz 38;2;226;120;120

# ---- images ----
*.png 38;2;137;184;194
*.jpg 38;2;137;184;194
*.jpeg 38;2;137;184;194
*.gif 38;2;137;184;194
*.webp 38;2;137;184;194
*.svg 38;2;137;184;194
*.bmp 38;2;137;184;194
*.ico 38;2;137;184;194
*.tif 38;2;137;184;194
*.tiff 38;2;137;184;194
*.xcf 38;2;137;184;194

# ---- audio ----
*.mp3 38;2;226;164;120
*.ogg 38;2;226;164;120
*.opus 38;2;226;164;120
*.flac 38;2;226;164;120
*.wav 38;2;226;164;120
*.m4a 38;2;226;164;120
*.aac 38;2;226;164;120

# ---- video ----
*.mp4 38;2;132;160;198
*.mkv 38;2;132;160;198
*.webm 38;2;132;160;198
*.mov 38;2;132;160;198
*.avi 38;2;132;160;198
*.wmv 38;2;132;160;198
*.m4v 38;2;132;160;198

# ---- documents ----
*.pdf 38;2;226;164;120
*.epub 38;2;226;164;120
*.djvu 38;2;226;164;120
*.md 38;2;132;160;198
*.rst 38;2;132;160;198
*.org 38;2;132;160;198
*.tex 38;2;132;160;198

# ---- source / config ----
*.c 38;2;132;160;198
*.h 38;2;132;160;198
*.cc 38;2;132;160;198
*.cpp 38;2;132;160;198
*.hpp 38;2;132;160;198
*.rs 38;2;132;160;198
*.go 38;2;132;160;198
*.zig 38;2;132;160;198
*.lua 38;2;132;160;198
*.py 38;2;132;160;198
*.rb 38;2;132;160;198
*.js 38;2;132;160;198
*.mjs 38;2;132;160;198
*.cjs 38;2;132;160;198
*.ts 38;2;132;160;198
*.tsx 38;2;132;160;198
*.jsx 38;2;132;160;198
*.java 38;2;132;160;198
*.php 38;2;132;160;198
*.vim 38;2;160;147;199
*.sh 38;2;180;190;130
*.bash 38;2;180;190;130
*.zsh 38;2;180;190;130
*.fish 38;2;180;190;130

*.toml 38;2;226;164;120
*.yaml 38;2;226;164;120
*.yml 38;2;226;164;120
*.json 38;2;226;164;120
*.jsonc 38;2;226;164;120
*.ini 38;2;226;164;120
*.conf 38;2;226;164;120
*.cfg 38;2;226;164;120
*.service 38;2;226;164;120
*.socket 38;2;226;164;120
*.mount 38;2;226;164;120
*.nix 38;2;226;164;120
*.mk 38;2;226;164;120
*.cmake 38;2;226;164;120

# ---- logs / temp / editor junk ----
*.log 38;2;107;112;137
*.tmp 38;2;107;112;137
*.bak 38;2;107;112;137
*.old 38;2;107;112;137
*.swp 38;2;107;112;137
*.swo 38;2;107;112;137
*~ 38;2;107;112;137
